3.362531000000000000e+07 1.776196604000000000e+09 5.000000000000000000e+00
4.119032000000000000e+07 4.555385108960000000e+11 5.000000000000000000e+00
4.119032000000000000e+07 4.547584374640000000e+11 5.000000000000000000e+00
4.119032000000000000e+07 4.553778662950000000e+11 1.000000000000000000e+00
4.119032000000000000e+07 1.781246524000000000e+09 5.000000000000000000e+00
4.119032000000000000e+07 4.557979221310000000e+11 5.000000000000000000e+00
4.119032000000000000e+07 1.783270908000000000e+09 5.000000000000000000e+00
4.119032000000000000e+07 4.546558361920000000e+11 5.000000000000000000e+00
4.119032000000000000e+07 4.554320384740000000e+11 5.000000000000000000e+00
4.119032000000000000e+07 4.554261542750000000e+11 4.000000000000000000e+00
4.119032000000000000e+07 4.557378917260000000e+11 5.000000000000000000e+00
3.551233300000000000e+07 4.563623965610000000e+11 5.000000000000000000e+00
3.551233300000000000e+07 4.564720974430000000e+11 5.000000000000000000e+00
3.551233300000000000e+07 4.556916430110000000e+11 4.000000000000000000e+00
3.551233300000000000e+07 4.556344506140000000e+11 1.000000000000000000e+00
3.551233300000000000e+07 4.556344316210000000e+11 5.000000000000000000e+00
3.551233300000000000e+07 4.555376868270000000e+11 5.000000000000000000e+00
3.551233300000000000e+07 4.547521736760000000e+11 1.000000000000000000e+00
3.551233300000000000e+07 4.566282894240000000e+11 5.000000000000000000e+00
3.551233300000000000e+07 4.558936447740000000e+11 4.000000000000000000e+00
3.551233300000000000e+07 4.544473172530000000e+11 5.000000000000000000e+00
2.371561800000000000e+07 1.781446290000000000e+09 5.000000000000000000e+00
2.371561800000000000e+07 1.783697109000000000e+09 5.000000000000000000e+00
2.371561800000000000e+07 4.558938476110000000e+11 5.000000000000000000e+00
2.371561800000000000e+07 4.554839416660000000e+11 5.000000000000000000e+00
2.371561800000000000e+07 1.782267864000000000e+09 5.000000000000000000e+00
2.371561800000000000e+07 4.565201937410000000e+11 5.000000000000000000e+00
2.371561800000000000e+07 1.780852880000000000e+09 1.000000000000000000e+00
2.371561800000000000e+07 4.558478254910000000e+11 5.000000000000000000e+00
2.371561800000000000e+07 4.553754481610000000e+11 1.000000000000000000e+00
2.371561800000000000e+07 4.544404268160000000e+11 5.000000000000000000e+00
2.564882900000000000e+07 1.777001565000000000e+09 5.000000000000000000e+00
2.564882900000000000e+07 4.565201968580000000e+11 5.000000000000000000e+00
2.564882900000000000e+07 1.775579354000000000e+09 5.000000000000000000e+00
2.564882900000000000e+07 4.547026877690000000e+11 5.000000000000000000e+00
2.564882900000000000e+07 4.560532657070000000e+11 1.000000000000000000e+00
2.564882900000000000e+07 4.561062218790000000e+11 5.000000000000000000e+00
2.564882900000000000e+07 4.556875984690000000e+11 1.000000000000000000e+00
2.564882900000000000e+07 1.783701124000000000e+09 5.000000000000000000e+00
2.564882900000000000e+07 4.561056236130000000e+11 5.000000000000000000e+00
2.564882900000000000e+07 4.546036962030000000e+11 5.000000000000000000e+00
3.929391500000000000e+07 1.780256973000000000e+09 1.000000000000000000e+00
3.929391500000000000e+07 4.555362956080000000e+11 5.000000000000000000e+00
3.929391500000000000e+07 4.560530629170000000e+11 5.000000000000000000e+00
3.929391500000000000e+07 4.544982332620000000e+11 5.000000000000000000e+00
3.929391500000000000e+07 1.779214374000000000e+09 1.000000000000000000e+00
3.929391500000000000e+07 1.780228463000000000e+09 5.000000000000000000e+00
3.929391500000000000e+07 4.558993341360000000e+11 5.000000000000000000e+00
3.929391500000000000e+07 1.782675088000000000e+09 2.000000000000000000e+00
3.929391500000000000e+07 4.563690913280000000e+11 5.000000000000000000e+00
3.929391500000000000e+07 4.547558293280000000e+11 4.000000000000000000e+00
4.124924100000000000e+07 4.559459908210000000e+11 5.000000000000000000e+00
4.124924100000000000e+07 4.547073290070000000e+11 1.000000000000000000e+00
4.124924100000000000e+07 1.781851885000000000e+09 5.000000000000000000e+00
4.124924100000000000e+07 4.554265432550000000e+11 5.000000000000000000e+00
4.124924100000000000e+07 1.775994569000000000e+09 1.000000000000000000e+00
4.124924100000000000e+07 1.775575461000000000e+09 5.000000000000000000e+00
4.124924100000000000e+07 1.779821308000000000e+09 5.000000000000000000e+00
4.124924100000000000e+07 4.556892266320000000e+11 5.000000000000000000e+00
4.124924100000000000e+07 4.557443646700000000e+11 4.000000000000000000e+00
4.124924100000000000e+07 4.556940643290000000e+11 5.000000000000000000e+00
3.550690000000000000e+07 4.562104814080000000e+11 5.000000000000000000e+00
3.550690000000000000e+07 1.775970822000000000e+09 5.000000000000000000e+00
3.550690000000000000e+07 4.553225150310000000e+11 5.000000000000000000e+00
3.550690000000000000e+07 4.549111823140000000e+11 4.000000000000000000e+00
3.550690000000000000e+07 4.563692689010000000e+11 5.000000000000000000e+00
3.550690000000000000e+07 4.558492461600000000e+11 5.000000000000000000e+00
3.550690000000000000e+07 4.565698801360000000e+11 5.000000000000000000e+00
3.550690000000000000e+07 4.548049087860000000e+11 5.000000000000000000e+00
3.550690000000000000e+07 1.776200491000000000e+09 5.000000000000000000e+00
3.550690000000000000e+07 4.555819278330000000e+11 5.000000000000000000e+00
3.838823800000000000e+07 4.562569233230000000e+11 5.000000000000000000e+00
3.838823800000000000e+07 1.780837035000000000e+09 5.000000000000000000e+00
3.838823800000000000e+07 1.780652362000000000e+09 1.000000000000000000e+00
3.838823800000000000e+07 4.558453947770000000e+11 5.000000000000000000e+00
3.838823800000000000e+07 4.547566374400000000e+11 5.000000000000000000e+00
3.838823800000000000e+07 4.563652091510000000e+11 5.000000000000000000e+00
3.838823800000000000e+07 4.559989382220000000e+11 5.000000000000000000e+00
3.838823800000000000e+07 4.557433552940000000e+11 3.000000000000000000e+00
3.838823800000000000e+07 4.549085486830000000e+11 5.000000000000000000e+00
3.838823800000000000e+07 4.547552153320000000e+11 5.000000000000000000e+00
3.650667000000000000e+07 4.548551980600000000e+11 5.000000000000000000e+00
3.650667000000000000e+07 1.775371765000000000e+09 5.000000000000000000e+00
3.650667000000000000e+07 4.547525841210000000e+11 5.000000000000000000e+00
3.650667000000000000e+07 4.546525775370000000e+11 5.000000000000000000e+00
3.650667000000000000e+07 1.775786930000000000e+09 5.000000000000000000e+00
3.650667000000000000e+07 4.555304026980000000e+11 5.000000000000000000e+00
3.650667000000000000e+07 4.548584448620000000e+11 1.000000000000000000e+00
3.650667000000000000e+07 1.283825481796403013e+26 5.000000000000000000e+00
3.650667000000000000e+07 4.560011407870000000e+11 5.000000000000000000e+00
3.650667000000000000e+07 4.548079527840000000e+11 5.000000000000000000e+00
3.837905800000000000e+07 4.555880054810000000e+11 5.000000000000000000e+00
3.837905800000000000e+07 4.547046867010000000e+11 4.000000000000000000e+00
3.837905800000000000e+07 4.555360626530000000e+11 1.000000000000000000e+00
3.837905800000000000e+07 1.780455848000000000e+09 5.000000000000000000e+00
3.837905800000000000e+07 1.775982722000000000e+09 5.000000000000000000e+00
3.837905800000000000e+07 1.782285223000000000e+09 3.000000000000000000e+00
3.837905800000000000e+07 4.545000594680000000e+11 5.000000000000000000e+00
3.837905800000000000e+07 4.563167571560000000e+11 5.000000000000000000e+00
3.837905800000000000e+07 4.545495477370000000e+11 1.000000000000000000e+00
3.837905800000000000e+07 4.561544923480000000e+11 5.000000000000000000e+00
4.219010500000000000e+07 4.562611581240000000e+11 5.000000000000000000e+00
4.219010500000000000e+07 4.553813317190000000e+11 5.000000000000000000e+00
4.219010500000000000e+07 4.558484442650000000e+11 5.000000000000000000e+00
4.219010500000000000e+07 1.780432117000000000e+09 5.000000000000000000e+00
4.219010500000000000e+07 4.545479164540000000e+11 5.000000000000000000e+00
4.219010500000000000e+07 1.782486568000000000e+09 4.000000000000000000e+00
4.219010500000000000e+07 4.555882050990000000e+11 5.000000000000000000e+00
4.219010500000000000e+07 4.556942821840000000e+11 5.000000000000000000e+00
4.219010500000000000e+07 1.780657087000000000e+09 3.000000000000000000e+00
4.219010500000000000e+07 4.548041030790000000e+11 5.000000000000000000e+00
3.931615200000000000e+07 1.285273854957911452e+26 5.000000000000000000e+00
3.931615200000000000e+07 4.553792836870000000e+11 5.000000000000000000e+00
3.931615200000000000e+07 4.546018541420000000e+11 1.000000000000000000e+00
3.931615200000000000e+07 1.779820512000000000e+09 5.000000000000000000e+00
3.931615200000000000e+07 4.545481382990000000e+11 5.000000000000000000e+00
3.931615200000000000e+07 4.558433452340000000e+11 4.000000000000000000e+00
3.931615200000000000e+07 4.557445832600000000e+11 5.000000000000000000e+00
3.931615200000000000e+07 4.555318199810000000e+11 5.000000000000000000e+00
3.931615200000000000e+07 4.547560321000000000e+11 5.000000000000000000e+00
3.931615200000000000e+07 4.559510471040000000e+11 5.000000000000000000e+00
3.271590800000000000e+07 4.553241407960000000e+11 5.000000000000000000e+00
3.271590800000000000e+07 4.562573052250000000e+11 5.000000000000000000e+00
3.271590800000000000e+07 1.781445501000000000e+09 5.000000000000000000e+00
3.271590800000000000e+07 4.548087561110000000e+11 5.000000000000000000e+00
3.271590800000000000e+07 1.780834550000000000e+09 5.000000000000000000e+00
3.271590800000000000e+07 4.553784866210000000e+11 5.000000000000000000e+00
3.271590800000000000e+07 4.554297994800000000e+11 5.000000000000000000e+00
3.271590800000000000e+07 4.544921587960000000e+11 5.000000000000000000e+00
3.271590800000000000e+07 4.563690858840000000e+11 5.000000000000000000e+00
3.271590800000000000e+07 1.779012367000000000e+09 5.000000000000000000e+00
4.027907300000000000e+07 1.781470841000000000e+09 5.000000000000000000e+00
4.027907300000000000e+07 4.555894356200000000e+11 5.000000000000000000e+00
4.027907300000000000e+07 4.548079511930000000e+11 5.000000000000000000e+00
4.027907300000000000e+07 4.566240333590000000e+11 5.000000000000000000e+00
4.027907300000000000e+07 4.545513691460000000e+11 5.000000000000000000e+00
4.027907300000000000e+07 4.564686685230000000e+11 5.000000000000000000e+00
4.027907300000000000e+07 4.561605898380000000e+11 5.000000000000000000e+00
4.027907300000000000e+07 4.553823449760000000e+11 5.000000000000000000e+00
4.027907300000000000e+07 4.554310022400000000e+11 5.000000000000000000e+00
4.027907300000000000e+07 4.549075385920000000e+11 5.000000000000000000e+00
3.837147000000000000e+07 4.547034760770000000e+11 5.000000000000000000e+00
3.837147000000000000e+07 4.559528669710000000e+11 5.000000000000000000e+00
3.837147000000000000e+07 4.548034937210000000e+11 5.000000000000000000e+00
3.837147000000000000e+07 4.554815355350000000e+11 4.000000000000000000e+00
3.837147000000000000e+07 4.555304026980000000e+11 5.000000000000000000e+00
3.837147000000000000e+07 1.775361539000000000e+09 4.000000000000000000e+00
3.837147000000000000e+07 4.561569111750000000e+11 5.000000000000000000e+00
3.837147000000000000e+07 1.779839440000000000e+09 5.000000000000000000e+00
3.837147000000000000e+07 4.556942686760000000e+11 5.000000000000000000e+00
2.276561100000000000e+07 1.781445442000000000e+09 5.000000000000000000e+00
2.276561100000000000e+07 4.544396272900000000e+11 5.000000000000000000e+00
2.276561100000000000e+07 1.778605109000000000e+09 5.000000000000000000e+00
2.276561100000000000e+07 4.556384944780000000e+11 4.000000000000000000e+00
2.276561100000000000e+07 4.548048810960000000e+11 5.000000000000000000e+00
2.276561100000000000e+07 4.557936683370000000e+11 1.000000000000000000e+00
2.276561100000000000e+07 4.561593420190000000e+11 5.000000000000000000e+00
2.276561100000000000e+07 1.780633368000000000e+09 5.000000000000000000e+00
2.276561100000000000e+07 1.780241963000000000e+09 5.000000000000000000e+00
2.276561100000000000e+07 4.555873795940000000e+11 3.000000000000000000e+00
2.281345700000000000e+07 4.548085611610000000e+11 4.000000000000000000e+00
2.281345700000000000e+07 4.557963034660000000e+11 5.000000000000000000e+00
2.281345700000000000e+07 4.544444831810000000e+11 3.000000000000000000e+00
2.281345700000000000e+07 4.557979371540000000e+11 4.000000000000000000e+00
2.281345700000000000e+07 4.544462936400000000e+11 5.000000000000000000e+00
2.281345700000000000e+07 4.555383183800000000e+11 5.000000000000000000e+00
2.281345700000000000e+07 1.780455118000000000e+09 3.000000000000000000e+00
2.281345700000000000e+07 4.563139177490000000e+11 3.000000000000000000e+00
2.281345700000000000e+07 1.776800326000000000e+09 4.000000000000000000e+00
2.281345700000000000e+07 4.565175562390000000e+11 5.000000000000000000e+00
2.373396400000000000e+07 4.563088470280000000e+11 2.000000000000000000e+00
3.835484600000000000e+07 4.563135041620000000e+11 5.000000000000000000e+00
3.835484600000000000e+07 4.549132168470000000e+11 5.000000000000000000e+00
3.839541500000000000e+07 4.544461058450000000e+11 1.000000000000000000e+00
3.839541500000000000e+07 4.545469062790000000e+11 4.000000000000000000e+00
3.839541500000000000e+07 4.555338364460000000e+11 5.000000000000000000e+00
3.839541500000000000e+07 4.548105744230000000e+11 1.000000000000000000e+00
3.839541500000000000e+07 4.544965947590000000e+11 5.000000000000000000e+00
3.839541500000000000e+07 4.560540889120000000e+11 5.000000000000000000e+00
3.839541500000000000e+07 1.781854219000000000e+09 5.000000000000000000e+00
3.839541500000000000e+07 1.781052532000000000e+09 1.000000000000000000e+00
3.839541500000000000e+07 1.776805073000000000e+09 5.000000000000000000e+00
3.839541500000000000e+07 1.780027199000000000e+09 5.000000000000000000e+00
3.457894200000000000e+07 1.780847288000000000e+09 5.000000000000000000e+00
3.457894200000000000e+07 1.782875569000000000e+09 2.000000000000000000e+00
3.457894200000000000e+07 4.556374898130000000e+11 5.000000000000000000e+00
3.457894200000000000e+07 4.556397208780000000e+11 5.000000000000000000e+00
3.457894200000000000e+07 4.548089525790000000e+11 3.000000000000000000e+00
3.457894200000000000e+07 4.558944719380000000e+11 2.000000000000000000e+00
3.457894200000000000e+07 1.775988150000000000e+09 5.000000000000000000e+00
3.457894200000000000e+07 4.563656266800000000e+11 5.000000000000000000e+00
3.457894200000000000e+07 4.554821368140000000e+11 5.000000000000000000e+00
3.457894200000000000e+07 4.555892216790000000e+11 5.000000000000000000e+00
2.464718600000000000e+07 4.546018755210000000e+11 5.000000000000000000e+00
4.119026200000000000e+07 1.783495037000000000e+09 1.000000000000000000e+00
3.176016400000000000e+07 4.561019427230000000e+11 4.000000000000000000e+00
3.176016400000000000e+07 1.775187999000000000e+09 5.000000000000000000e+00
3.176016400000000000e+07 4.558952681440000000e+11 5.000000000000000000e+00
3.176016400000000000e+07 4.554271517390000000e+11 4.000000000000000000e+00
3.176016400000000000e+07 1.776403414000000000e+09 5.000000000000000000e+00
3.176016400000000000e+07 1.776791605000000000e+09 2.000000000000000000e+00
3.176016400000000000e+07 4.564185670310000000e+11 3.000000000000000000e+00
3.176016400000000000e+07 4.545434638000000000e+11 5.000000000000000000e+00
3.176016400000000000e+07 4.547570336460000000e+11 5.000000000000000000e+00
3.176016400000000000e+07 1.779026603000000000e+09 5.000000000000000000e+00
2.658976500000000000e+07 4.562131125420000000e+11 3.000000000000000000e+00
2.658976500000000000e+07 4.554845478200000000e+11 5.000000000000000000e+00
2.658976500000000000e+07 4.564187776980000000e+11 2.000000000000000000e+00
2.658976500000000000e+07 4.549144275120000000e+11 5.000000000000000000e+00
2.658976500000000000e+07 4.555362964990000000e+11 1.000000000000000000e+00
2.658976500000000000e+07 4.544440847310000000e+11 3.000000000000000000e+00
2.658976500000000000e+07 4.557938838910000000e+11 5.000000000000000000e+00
4.030649000000000000e+07 4.545513659770000000e+11 5.000000000000000000e+00
4.030649000000000000e+07 4.549121774320000000e+11 5.000000000000000000e+00
4.030649000000000000e+07 1.775999292000000000e+09 4.000000000000000000e+00
4.030649000000000000e+07 1.776202153000000000e+09 5.000000000000000000e+00
4.030649000000000000e+07 4.545479084690000000e+11 5.000000000000000000e+00
4.030649000000000000e+07 1.775579417000000000e+09 3.000000000000000000e+00
4.030649000000000000e+07 4.561046080320000000e+11 5.000000000000000000e+00
4.030649000000000000e+07 1.776606146000000000e+09 5.000000000000000000e+00
4.030649000000000000e+07 4.558496438330000000e+11 5.000000000000000000e+00
3.839376500000000000e+07 4.560496402540000000e+11 1.000000000000000000e+00
3.462334300000000000e+07 1.783686809000000000e+09 5.000000000000000000e+00
3.462334300000000000e+07 4.562088357250000000e+11 5.000000000000000000e+00
3.462334300000000000e+07 4.553797082540000000e+11 4.000000000000000000e+00
3.462334300000000000e+07 4.545998299150000000e+11 5.000000000000000000e+00
2.656551100000000000e+07 4.564201769450000000e+11 5.000000000000000000e+00
2.377650000000000000e+07 4.546546177590000000e+11 5.000000000000000000e+00
2.658052800000000000e+07 1.781676039000000000e+09 4.000000000000000000e+00
3.646771600000000000e+07 4.548067365820000000e+11 5.000000000000000000e+00
3.646771600000000000e+07 4.558421273890000000e+11 5.000000000000000000e+00
3.646771600000000000e+07 1.775172905000000000e+09 5.000000000000000000e+00
3.646771600000000000e+07 4.553298198830000000e+11 1.000000000000000000e+00
3.646771600000000000e+07 4.564175394330000000e+11 5.000000000000000000e+00
3.646771600000000000e+07 1.782083170000000000e+09 5.000000000000000000e+00
3.646771600000000000e+07 4.555354859210000000e+11 3.000000000000000000e+00
3.646771600000000000e+07 4.566286998980000000e+11 3.000000000000000000e+00
3.646771600000000000e+07 4.548586555870000000e+11 5.000000000000000000e+00
3.646771600000000000e+07 4.565763728750000000e+11 5.000000000000000000e+00
4.117545500000000000e+07 1.779630396000000000e+09 5.000000000000000000e+00
4.117545500000000000e+07 4.566217847890000000e+11 5.000000000000000000e+00
3.929390900000000000e+07 4.546008582280000000e+11 5.000000000000000000e+00
3.839192000000000000e+07 1.776188724000000000e+09 1.000000000000000000e+00
3.839192000000000000e+07 1.780025617000000000e+09 5.000000000000000000e+00
3.839192000000000000e+07 4.565169327440000000e+11 5.000000000000000000e+00
3.839192000000000000e+07 4.548065195560000000e+11 1.000000000000000000e+00
3.839192000000000000e+07 4.544471302530000000e+11 1.000000000000000000e+00
3.839192000000000000e+07 1.780864721000000000e+09 2.000000000000000000e+00
3.839192000000000000e+07 4.554843734130000000e+11 5.000000000000000000e+00
3.839192000000000000e+07 1.780433735000000000e+09 5.000000000000000000e+00
3.746389800000000000e+07 1.782065043000000000e+09 1.000000000000000000e+00
3.746389800000000000e+07 4.562068052310000000e+11 4.000000000000000000e+00
3.746389800000000000e+07 4.554817264810000000e+11 1.000000000000000000e+00
3.746389800000000000e+07 4.555306015510000000e+11 5.000000000000000000e+00
3.747150000000000000e+07 4.555344456150000000e+11 2.000000000000000000e+00
3.747150000000000000e+07 4.548044794030000000e+11 1.000000000000000000e+00
3.747150000000000000e+07 4.546537952710000000e+11 5.000000000000000000e+00
3.747150000000000000e+07 4.548034874850000000e+11 5.000000000000000000e+00
3.747150000000000000e+07 4.544966098560000000e+11 5.000000000000000000e+00
3.747150000000000000e+07 4.564656253880000000e+11 4.000000000000000000e+00
3.747150000000000000e+07 4.558488475650000000e+11 5.000000000000000000e+00
3.174002500000000000e+07 4.545452923800000000e+11 5.000000000000000000e+00
3.174002500000000000e+07 4.554314102350000000e+11 5.000000000000000000e+00
4.213092400000000000e+07 4.556417642250000000e+11 1.000000000000000000e+00
4.213092400000000000e+07 4.556940856670000000e+11 5.000000000000000000e+00
4.213092400000000000e+07 4.563682563190000000e+11 5.000000000000000000e+00
4.213092400000000000e+07 4.560530604810000000e+11 1.000000000000000000e+00
4.213092400000000000e+07 4.558490432930000000e+11 1.000000000000000000e+00
4.213092400000000000e+07 4.556421397630000000e+11 2.000000000000000000e+00
4.213092400000000000e+07 4.565242376180000000e+11 1.000000000000000000e+00
4.213092400000000000e+07 4.558466133490000000e+11 4.000000000000000000e+00
4.213092400000000000e+07 4.546509692860000000e+11 1.000000000000000000e+00
4.213092400000000000e+07 1.776371630000000000e+09 5.000000000000000000e+00
3.555660500000000000e+07 4.558465864640000000e+11 1.000000000000000000e+00
3.555660500000000000e+07 4.544446916280000000e+11 5.000000000000000000e+00
3.555660500000000000e+07 4.557384938480000000e+11 5.000000000000000000e+00
3.555660500000000000e+07 4.562119027280000000e+11 1.000000000000000000e+00
3.555660500000000000e+07 4.554332435860000000e+11 2.000000000000000000e+00
3.555660500000000000e+07 4.547030895020000000e+11 4.000000000000000000e+00
3.555660500000000000e+07 4.561575150080000000e+11 1.000000000000000000e+00
3.555660500000000000e+07 1.782458036000000000e+09 4.000000000000000000e+00
3.555660500000000000e+07 4.564696762310000000e+11 5.000000000000000000e+00
3.555660500000000000e+07 4.554330502170000000e+11 4.000000000000000000e+00
2.470081900000000000e+07 1.782065043000000000e+09 1.000000000000000000e+00
2.470081900000000000e+07 4.561534640380000000e+11 5.000000000000000000e+00
2.470081900000000000e+07 4.565769702580000000e+11 5.000000000000000000e+00
2.470081900000000000e+07 4.566250396090000000e+11 5.000000000000000000e+00
2.470081900000000000e+07 4.563132877610000000e+11 5.000000000000000000e+00
3.841205200000000000e+07 4.556896148230000000e+11 5.000000000000000000e+00
3.841205200000000000e+07 4.566218039220000000e+11 5.000000000000000000e+00
3.841205200000000000e+07 1.783283569000000000e+09 5.000000000000000000e+00
3.841205200000000000e+07 4.556926571750000000e+11 5.000000000000000000e+00
3.841205200000000000e+07 4.548566074770000000e+11 5.000000000000000000e+00
3.841205200000000000e+07 4.555308036050000000e+11 5.000000000000000000e+00
3.841205200000000000e+07 4.555376852520000000e+11 5.000000000000000000e+00
3.745473900000000000e+07 4.559975009550000000e+11 2.000000000000000000e+00
3.745473900000000000e+07 4.563126817270000000e+11 5.000000000000000000e+00
3.745473900000000000e+07 4.547042826440000000e+11 5.000000000000000000e+00
3.745473900000000000e+07 4.545450633480000000e+11 1.000000000000000000e+00
3.839001800000000000e+07 1.783687651000000000e+09 5.000000000000000000e+00
3.839001800000000000e+07 4.544990294000000000e+11 2.000000000000000000e+00
3.839001800000000000e+07 4.558449820660000000e+11 1.000000000000000000e+00
3.839001800000000000e+07 4.545450832240000000e+11 4.000000000000000000e+00
3.839001800000000000e+07 4.564658377130000000e+11 4.000000000000000000e+00
3.839001800000000000e+07 4.548113714770000000e+11 1.000000000000000000e+00
3.839001800000000000e+07 1.775765584000000000e+09 5.000000000000000000e+00
3.839001800000000000e+07 1.783066400000000000e+09 5.000000000000000000e+00
3.839001800000000000e+07 4.556348435520000000e+11 3.000000000000000000e+00
3.839001800000000000e+07 1.780857581000000000e+09 5.000000000000000000e+00
3.082874000000000000e+07 1.781862980000000000e+09 5.000000000000000000e+00
3.741223900000000000e+07 4.554853582900000000e+11 1.000000000000000000e+00
3.743459900000000000e+07 4.553237281260000000e+11 5.000000000000000000e+00
2.281741300000000000e+07 1.778616260000000000e+09 5.000000000000000000e+00
2.281741300000000000e+07 1.779013156000000000e+09 2.000000000000000000e+00
4.218991000000000000e+07 4.562607579050000000e+11 2.000000000000000000e+00
4.218991000000000000e+07 1.775154763000000000e+09 1.000000000000000000e+00
4.218991000000000000e+07 4.559453680320000000e+11 1.000000000000000000e+00
4.118089500000000000e+07 4.565226181420000000e+11 5.000000000000000000e+00
3.176567000000000000e+07 4.563646157970000000e+11 5.000000000000000000e+00
3.176567000000000000e+07 6.938261000000000000e+06 5.000000000000000000e+00
3.176567000000000000e+07 4.547063156260000000e+11 5.000000000000000000e+00
3.176567000000000000e+07 4.545990368130000000e+11 5.000000000000000000e+00
4.216223300000000000e+07 4.557387053900000000e+11 5.000000000000000000e+00
4.216223300000000000e+07 4.546010753670000000e+11 3.000000000000000000e+00
4.216223300000000000e+07 4.556938638160000000e+11 5.000000000000000000e+00
4.216223300000000000e+07 4.544998407370000000e+11 5.000000000000000000e+00
3.274334700000000000e+07 4.557419457540000000e+11 5.000000000000000000e+00
3.274334700000000000e+07 4.553780659130000000e+11 4.000000000000000000e+00
3.274334700000000000e+07 4.553277781510000000e+11 4.000000000000000000e+00
3.274334700000000000e+07 4.548552107530000000e+11 5.000000000000000000e+00
3.274334700000000000e+07 4.557969214920000000e+11 5.000000000000000000e+00
3.274334700000000000e+07 4.544464972350000000e+11 5.000000000000000000e+00
3.274334700000000000e+07 4.563621683680000000e+11 5.000000000000000000e+00
3.274334700000000000e+07 4.553809347180000000e+11 5.000000000000000000e+00
3.274334700000000000e+07 1.780651628000000000e+09 5.000000000000000000e+00
3.274334700000000000e+07 4.555890212040000000e+11 5.000000000000000000e+00
2.376176500000000000e+07 4.562654490160000000e+11 1.000000000000000000e+00
2.376176500000000000e+07 4.560033742100000000e+11 4.000000000000000000e+00
3.650477500000000000e+07 4.560541031300000000e+11 5.000000000000000000e+00
3.650477500000000000e+07 1.780656363000000000e+09 2.000000000000000000e+00
3.650477500000000000e+07 4.548099730780000000e+11 1.000000000000000000e+00
3.650477500000000000e+07 1.779631943000000000e+09 1.000000000000000000e+00
2.563235800000000000e+07 4.566222008640000000e+11 1.000000000000000000e+00
2.563235800000000000e+07 1.776193432000000000e+09 1.000000000000000000e+00
2.563235800000000000e+07 4.545470932180000000e+11 1.000000000000000000e+00
2.563235800000000000e+07 1.777012672000000000e+09 1.000000000000000000e+00
2.563235800000000000e+07 4.554267397250000000e+11 5.000000000000000000e+00
3.272505900000000000e+07 1.778630512000000000e+09 4.000000000000000000e+00
3.272505900000000000e+07 4.545501664320000000e+11 5.000000000000000000e+00
4.218636500000000000e+07 4.549152189830000000e+11 1.000000000000000000e+00
4.218636500000000000e+07 4.564161307160000000e+11 1.000000000000000000e+00
4.218636500000000000e+07 4.554821178740000000e+11 5.000000000000000000e+00
4.218636500000000000e+07 1.775781448000000000e+09 1.000000000000000000e+00
4.218636500000000000e+07 1.781672068000000000e+09 5.000000000000000000e+00
4.117903600000000000e+07 4.565751320970000000e+11 5.000000000000000000e+00
4.215507800000000000e+07 1.782687680000000000e+09 5.000000000000000000e+00
4.215507800000000000e+07 4.556900196880000000e+11 1.000000000000000000e+00
4.215507800000000000e+07 4.565207895870000000e+11 1.000000000000000000e+00
4.215507800000000000e+07 1.782680575000000000e+09 5.000000000000000000e+00
4.215507800000000000e+07 4.548562201630000000e+11 1.000000000000000000e+00
4.215507800000000000e+07 4.546038847940000000e+11 5.000000000000000000e+00
4.215507800000000000e+07 1.779029725000000000e+09 1.000000000000000000e+00
4.215507800000000000e+07 4.554320297460000000e+11 1.000000000000000000e+00
4.215507800000000000e+07 4.561583270750000000e+11 5.000000000000000000e+00
4.215507800000000000e+07 4.562646282650000000e+11 5.000000000000000000e+00
3.649749000000000000e+07 4.547566334260000000e+11 5.000000000000000000e+00
3.649749000000000000e+07 4.556342541250000000e+11 5.000000000000000000e+00
3.649749000000000000e+07 1.781056481000000000e+09 5.000000000000000000e+00
3.649749000000000000e+07 1.783700340000000000e+09 5.000000000000000000e+00
3.649749000000000000e+07 4.557896118830000000e+11 5.000000000000000000e+00
3.649749000000000000e+07 1.776392270000000000e+09 1.000000000000000000e+00
3.649749000000000000e+07 4.555364889930000000e+11 5.000000000000000000e+00
3.649749000000000000e+07 4.544438588790000000e+11 1.000000000000000000e+00
3.649749000000000000e+07 1.781874803000000000e+09 1.000000000000000000e+00
4.216064100000000000e+07 4.554784741650000000e+11 5.000000000000000000e+00
4.216064100000000000e+07 4.560041846770000000e+11 5.000000000000000000e+00
4.216064100000000000e+07 1.780048696000000000e+09 5.000000000000000000e+00
4.216064100000000000e+07 4.558934633260000000e+11 5.000000000000000000e+00
4.216064100000000000e+07 4.559506375000000000e+11 5.000000000000000000e+00
4.216064100000000000e+07 4.555334520850000000e+11 4.000000000000000000e+00
4.216064100000000000e+07 4.557956775200000000e+11 5.000000000000000000e+00
4.216064100000000000e+07 4.565216103070000000e+11 2.000000000000000000e+00
4.216064100000000000e+07 4.565692517860000000e+11 5.000000000000000000e+00
4.216064100000000000e+07 4.563149318350000000e+11 5.000000000000000000e+00
2.281733400000000000e+07 4.555385180320000000e+11 5.000000000000000000e+00
2.281733400000000000e+07 4.566274584140000000e+11 5.000000000000000000e+00
2.281733400000000000e+07 4.553279874380000000e+11 5.000000000000000000e+00
2.281733400000000000e+07 4.561615889080000000e+11 5.000000000000000000e+00
2.281733400000000000e+07 1.776389927000000000e+09 5.000000000000000000e+00
2.281733400000000000e+07 4.549146373770000000e+11 5.000000000000000000e+00
2.281733400000000000e+07 4.553742392480000000e+11 4.000000000000000000e+00
2.281733400000000000e+07 4.544965923880000000e+11 3.000000000000000000e+00
2.281733400000000000e+07 4.563141110380000000e+11 5.000000000000000000e+00
2.281733400000000000e+07 6.953330000000000000e+06 5.000000000000000000e+00
4.212920900000000000e+07 4.555886179390000000e+11 3.000000000000000000e+00
4.212920900000000000e+07 1.776801925000000000e+09 5.000000000000000000e+00
4.212920900000000000e+07 4.555316235580000000e+11 5.000000000000000000e+00
4.212920900000000000e+07 1.783088702000000000e+09 5.000000000000000000e+00
4.212920900000000000e+07 1.782268632000000000e+09 5.000000000000000000e+00
4.212920900000000000e+07 4.557904104790000000e+11 5.000000000000000000e+00
4.212920900000000000e+07 4.565207768200000000e+11 5.000000000000000000e+00
4.212920900000000000e+07 1.775176860000000000e+09 5.000000000000000000e+00
4.212920900000000000e+07 4.564708964250000000e+11 5.000000000000000000e+00
4.212920900000000000e+07 1.781660906000000000e+09 5.000000000000000000e+00
3.268447600000000000e+07 4.554786793840000000e+11 4.000000000000000000e+00
3.268447600000000000e+07 1.776395507000000000e+09 1.000000000000000000e+00
3.268447600000000000e+07 4.556397082200000000e+11 5.000000000000000000e+00
3.268447600000000000e+07 4.545473087090000000e+11 5.000000000000000000e+00
3.268447600000000000e+07 4.547578408720000000e+11 5.000000000000000000e+00
3.268447600000000000e+07 1.779027423000000000e+09 4.000000000000000000e+00
3.268447600000000000e+07 4.548113738410000000e+11 5.000000000000000000e+00
3.268447600000000000e+07 1.782259078000000000e+09 5.000000000000000000e+00
3.268447600000000000e+07 4.561605835090000000e+11 5.000000000000000000e+00
3.268447600000000000e+07 4.549077351150000000e+11 5.000000000000000000e+00
3.740684200000000000e+07 4.565240450960000000e+11 5.000000000000000000e+00
3.740684200000000000e+07 4.553269812030000000e+11 5.000000000000000000e+00
3.740684200000000000e+07 4.544917508110000000e+11 5.000000000000000000e+00
3.740684200000000000e+07 1.779642249000000000e+09 5.000000000000000000e+00
3.740684200000000000e+07 1.783290712000000000e+09 5.000000000000000000e+00
3.740684200000000000e+07 4.564126731460000000e+11 2.000000000000000000e+00
3.740684200000000000e+07 1.779648541000000000e+09 5.000000000000000000e+00
3.740684200000000000e+07 1.782253519000000000e+09 1.000000000000000000e+00
3.740684200000000000e+07 1.780449596000000000e+09 5.000000000000000000e+00
3.740684200000000000e+07 4.563088446520000000e+11 5.000000000000000000e+00
2.654521200000000000e+07 4.566209941110000000e+11 5.000000000000000000e+00
2.654521200000000000e+07 4.565735396850000000e+11 5.000000000000000000e+00
2.654521200000000000e+07 4.556354489040000000e+11 5.000000000000000000e+00
2.654521200000000000e+07 1.778623285000000000e+09 5.000000000000000000e+00
3.838986600000000000e+07 4.562117022590000000e+11 5.000000000000000000e+00
3.838986600000000000e+07 1.775998568000000000e+09 5.000000000000000000e+00
3.838986600000000000e+07 1.781458174000000000e+09 5.000000000000000000e+00
3.838986600000000000e+07 1.778624133000000000e+09 5.000000000000000000e+00
3.838986600000000000e+07 1.775972404000000000e+09 5.000000000000000000e+00
3.838986600000000000e+07 4.565763523090000000e+11 5.000000000000000000e+00
3.838986600000000000e+07 4.562104687010000000e+11 5.000000000000000000e+00
3.838986600000000000e+07 4.565216135500000000e+11 5.000000000000000000e+00
3.838986600000000000e+07 4.546515468870000000e+11 5.000000000000000000e+00
3.838986600000000000e+07 4.559469866730000000e+11 5.000000000000000000e+00
3.840107100000000000e+07 4.561048045180000000e+11 1.000000000000000000e+00
3.840107100000000000e+07 4.547562199170000000e+11 5.000000000000000000e+00
3.840107100000000000e+07 4.562638185940000000e+11 5.000000000000000000e+00
3.840107100000000000e+07 1.782685390000000000e+09 1.000000000000000000e+00
3.840107100000000000e+07 1.783297840000000000e+09 5.000000000000000000e+00
3.840107100000000000e+07 4.563611503910000000e+11 5.000000000000000000e+00
3.935659800000000000e+07 4.557425526940000000e+11 5.000000000000000000e+00
3.935659800000000000e+07 4.565232211110000000e+11 2.000000000000000000e+00
3.935659800000000000e+07 1.779639903000000000e+09 3.000000000000000000e+00
3.935659800000000000e+07 4.565702888880000000e+11 4.000000000000000000e+00
3.935659800000000000e+07 4.548561970720000000e+11 5.000000000000000000e+00
3.935659800000000000e+07 4.553284017950000000e+11 5.000000000000000000e+00
3.935659800000000000e+07 4.544925501300000000e+11 3.000000000000000000e+00
3.935659800000000000e+07 4.554865744830000000e+11 5.000000000000000000e+00
3.935659800000000000e+07 4.558950819510000000e+11 4.000000000000000000e+00
3.935659800000000000e+07 4.545471241200000000e+11 5.000000000000000000e+00
4.024197700000000000e+07 4.563171644040000000e+11 5.000000000000000000e+00
4.024197700000000000e+07 4.546544038420000000e+11 5.000000000000000000e+00
4.024197700000000000e+07 4.563670362270000000e+11 5.000000000000000000e+00
4.024197700000000000e+07 1.776401789000000000e+09 5.000000000000000000e+00
4.024197700000000000e+07 4.548101758830000000e+11 5.000000000000000000e+00
4.024197700000000000e+07 4.561094631210000000e+11 5.000000000000000000e+00
4.024197700000000000e+07 4.558453940800000000e+11 5.000000000000000000e+00
4.024197700000000000e+07 1.779622365000000000e+09 5.000000000000000000e+00
4.024197700000000000e+07 4.555342619020000000e+11 5.000000000000000000e+00
4.024197700000000000e+07 4.544471135590000000e+11 5.000000000000000000e+00
2.564884500000000000e+07 4.548598654160000000e+11 5.000000000000000000e+00
2.564884500000000000e+07 4.566274781280000000e+11 5.000000000000000000e+00
2.564884500000000000e+07 4.557388859750000000e+11 2.000000000000000000e+00
2.564898100000000000e+07 4.548592402500000000e+11 1.000000000000000000e+00
2.564898100000000000e+07 4.557946848810000000e+11 1.000000000000000000e+00
2.564898100000000000e+07 4.560561321720000000e+11 1.000000000000000000e+00
2.564898100000000000e+07 1.776402514000000000e+09 1.000000000000000000e+00
2.564898100000000000e+07 1.783491141000000000e+09 5.000000000000000000e+00
2.564898100000000000e+07 4.557956966160000000e+11 3.000000000000000000e+00
2.564898100000000000e+07 4.560555102350000000e+11 1.000000000000000000e+00
2.564898100000000000e+07 4.547061191340000000e+11 5.000000000000000000e+00
2.564898100000000000e+07 4.561017526180000000e+11 5.000000000000000000e+00
2.564898100000000000e+07 1.781054810000000000e+09 5.000000000000000000e+00
4.217349600000000000e+07 4.547519756610000000e+11 2.000000000000000000e+00
4.217349600000000000e+07 4.560540960120000000e+11 5.000000000000000000e+00
2.566737000000000000e+07 1.776401056000000000e+09 5.000000000000000000e+00
2.275652500000000000e+07 4.557900142720000000e+11 5.000000000000000000e+00
2.275652500000000000e+07 4.547048903490000000e+11 5.000000000000000000e+00
2.275652500000000000e+07 4.548091577890000000e+11 5.000000000000000000e+00
2.275652500000000000e+07 4.564145200690000000e+11 4.000000000000000000e+00
4.219174800000000000e+07 4.547050932410000000e+11 5.000000000000000000e+00
3.744739600000000000e+07 1.780055811000000000e+09 5.000000000000000000e+00
3.744739600000000000e+07 4.558981037820000000e+11 5.000000000000000000e+00
2.565631600000000000e+07 1.779444154000000000e+09 1.000000000000000000e+00
4.218460700000000000e+07 1.779229498000000000e+09 5.000000000000000000e+00
4.218460700000000000e+07 4.544990389880000000e+11 5.000000000000000000e+00
4.218460700000000000e+07 4.563611551390000000e+11 2.000000000000000000e+00
4.218460700000000000e+07 4.562062252290000000e+11 5.000000000000000000e+00
4.218460700000000000e+07 4.564721276490000000e+11 5.000000000000000000e+00
4.218460700000000000e+07 4.556342421890000000e+11 5.000000000000000000e+00
4.218460700000000000e+07 4.559492288880000000e+11 4.000000000000000000e+00
3.078811400000000000e+07 4.565690751130000000e+11 5.000000000000000000e+00
3.078811400000000000e+07 1.780241229000000000e+09 5.000000000000000000e+00
3.078811400000000000e+07 1.782887336000000000e+09 5.000000000000000000e+00
3.078811400000000000e+07 4.564646064270000000e+11 5.000000000000000000e+00
3.078811400000000000e+07 6.958074000000000000e+06 4.000000000000000000e+00
3.078811400000000000e+07 4.547034936280000000e+11 5.000000000000000000e+00
3.078811400000000000e+07 4.558952879480000000e+11 5.000000000000000000e+00
3.078811400000000000e+07 4.555344392800000000e+11 5.000000000000000000e+00
3.078811400000000000e+07 4.555904330810000000e+11 5.000000000000000000e+00
3.078811400000000000e+07 1.775377413000000000e+09 5.000000000000000000e+00
3.173445500000000000e+07 4.546529689210000000e+11 1.000000000000000000e+00
3.834207100000000000e+07 4.564704899780000000e+11 5.000000000000000000e+00
3.834207100000000000e+07 4.557380897750000000e+11 5.000000000000000000e+00
3.834207100000000000e+07 4.557975077780000000e+11 5.000000000000000000e+00
3.834207100000000000e+07 4.559011627900000000e+11 5.000000000000000000e+00
3.834207100000000000e+07 4.547057262800000000e+11 5.000000000000000000e+00
3.834207100000000000e+07 4.566274884530000000e+11 5.000000000000000000e+00
3.834207100000000000e+07 1.776391422000000000e+09 2.000000000000000000e+00
2.279522000000000000e+07 4.554782617590000000e+11 5.000000000000000000e+00
3.083614800000000000e+07 4.555318350350000000e+11 5.000000000000000000e+00
3.462887700000000000e+07 4.564212124660000000e+11 5.000000000000000000e+00
4.028093900000000000e+07 1.782677486000000000e+09 1.000000000000000000e+00
4.028093900000000000e+07 4.565232273570000000e+11 5.000000000000000000e+00
4.028093900000000000e+07 4.553259623530000000e+11 5.000000000000000000e+00
3.746952500000000000e+07 4.555376980390000000e+11 5.000000000000000000e+00
3.746952500000000000e+07 4.563133131750000000e+11 5.000000000000000000e+00
3.271585000000000000e+07 1.781676847000000000e+09 5.000000000000000000e+00
3.271585000000000000e+07 4.556914307470000000e+11 2.000000000000000000e+00
3.841216200000000000e+07 1.775993768000000000e+09 4.000000000000000000e+00
3.841216200000000000e+07 4.564128965790000000e+11 3.000000000000000000e+00
3.841216200000000000e+07 4.557981162160000000e+11 5.000000000000000000e+00
3.841216200000000000e+07 4.544955751050000000e+11 4.000000000000000000e+00
3.841216200000000000e+07 1.776189458000000000e+09 1.000000000000000000e+00
3.841216200000000000e+07 6.962785000000000000e+06 4.000000000000000000e+00
3.841216200000000000e+07 1.775364690000000000e+09 5.000000000000000000e+00
3.841216200000000000e+07 4.555368914040000000e+11 5.000000000000000000e+00
3.841216200000000000e+07 4.547002301610000000e+11 5.000000000000000000e+00
3.841216200000000000e+07 1.782865179000000000e+09 4.000000000000000000e+00
2.370261200000000000e+07 4.565230095600000000e+11 3.000000000000000000e+00
2.370261200000000000e+07 4.548049119490000000e+11 5.000000000000000000e+00
2.370261200000000000e+07 4.545990431520000000e+11 5.000000000000000000e+00
2.370261200000000000e+07 4.557966939890000000e+11 5.000000000000000000e+00
2.370261200000000000e+07 4.565692510640000000e+11 5.000000000000000000e+00
2.370261200000000000e+07 4.555307908630000000e+11 4.000000000000000000e+00
2.370261200000000000e+07 4.555381186200000000e+11 5.000000000000000000e+00
2.370261200000000000e+07 4.557383005500000000e+11 5.000000000000000000e+00
2.370261200000000000e+07 4.556861557610000000e+11 4.000000000000000000e+00
2.370261200000000000e+07 4.563092416740000000e+11 5.000000000000000000e+00
2.281715400000000000e+07 1.779646903000000000e+09 5.000000000000000000e+00
2.281715400000000000e+07 4.565203862940000000e+11 5.000000000000000000e+00
2.281715400000000000e+07 1.777010983000000000e+09 5.000000000000000000e+00
2.281715400000000000e+07 4.562114907320000000e+11 5.000000000000000000e+00
3.180087700000000000e+07 4.557965118360000000e+11 5.000000000000000000e+00
4.121410600000000000e+07 4.557940771490000000e+11 5.000000000000000000e+00
4.121410600000000000e+07 4.544998359490000000e+11 5.000000000000000000e+00
4.121410600000000000e+07 4.547034904120000000e+11 5.000000000000000000e+00
3.551242000000000000e+07 4.562629993650000000e+11 5.000000000000000000e+00
3.551242000000000000e+07 1.779030508000000000e+09 5.000000000000000000e+00
3.551242000000000000e+07 4.565702675930000000e+11 5.000000000000000000e+00
3.551242000000000000e+07 4.555312013120000000e+11 5.000000000000000000e+00
3.551242000000000000e+07 4.558946755200000000e+11 5.000000000000000000e+00
3.551242000000000000e+07 4.558496438820000000e+11 5.000000000000000000e+00
3.551242000000000000e+07 1.781662555000000000e+09 5.000000000000000000e+00
3.551242000000000000e+07 4.558468169100000000e+11 5.000000000000000000e+00
3.551242000000000000e+07 4.561086366600000000e+11 4.000000000000000000e+00
3.551242000000000000e+07 4.553750228090000000e+11 5.000000000000000000e+00
3.079909600000000000e+07 4.565741307300000000e+11 4.000000000000000000e+00
3.079909600000000000e+07 4.548115996480000000e+11 4.000000000000000000e+00
3.079909600000000000e+07 4.565702817360000000e+11 5.000000000000000000e+00
3.079909600000000000e+07 4.563664252970000000e+11 5.000000000000000000e+00
2.370091200000000000e+07 4.563648027050000000e+11 5.000000000000000000e+00
2.370091200000000000e+07 1.780055820000000000e+09 2.000000000000000000e+00
2.566366600000000000e+07 4.560044096970000000e+11 5.000000000000000000e+00
2.374897400000000000e+07 4.561027548670000000e+11 5.000000000000000000e+00
2.465454300000000000e+07 4.561013382210000000e+11 3.000000000000000000e+00
2.566536000000000000e+07 4.563096330180000000e+11 5.000000000000000000e+00
3.929572400000000000e+07 6.958888000000000000e+06 5.000000000000000000e+00
3.929572400000000000e+07 1.781042133000000000e+09 5.000000000000000000e+00
3.929572400000000000e+07 4.566256583530000000e+11 4.000000000000000000e+00
3.929572400000000000e+07 4.545452797130000000e+11 5.000000000000000000e+00
3.929572400000000000e+07 4.566274639260000000e+11 5.000000000000000000e+00
3.550873000000000000e+07 4.557389089360000000e+11 5.000000000000000000e+00
3.740667600000000000e+07 1.780657880000000000e+09 5.000000000000000000e+00
2.562291100000000000e+07 4.562110858980000000e+11 3.000000000000000000e+00
3.835485400000000000e+07 4.554318404810000000e+11 5.000000000000000000e+00
3.176036600000000000e+07 4.565688739080000000e+11 5.000000000000000000e+00
3.935301000000000000e+07 4.555340471560000000e+11 5.000000000000000000e+00
3.835691400000000000e+07 4.547586656970000000e+11 5.000000000000000000e+00
2.661182200000000000e+07 4.557457836220000000e+11 5.000000000000000000e+00
3.740695700000000000e+07 4.546538047720000000e+11 4.000000000000000000e+00
3.174558000000000000e+07 4.563652362000000000e+11 5.000000000000000000e+00
3.174558000000000000e+07 4.563163404410000000e+11 4.000000000000000000e+00
3.174558000000000000e+07 4.557952980450000000e+11 5.000000000000000000e+00
3.928823000000000000e+07 4.559453942270000000e+11 5.000000000000000000e+00
3.928823000000000000e+07 1.782081588000000000e+09 5.000000000000000000e+00
3.368979500000000000e+07 4.562587431880000000e+11 5.000000000000000000e+00
3.173082200000000000e+07 4.555885981690000000e+11 5.000000000000000000e+00
3.173082200000000000e+07 4.559005400510000000e+11 5.000000000000000000e+00
3.551061800000000000e+07 4.566238312680000000e+11 5.000000000000000000e+00
3.551061800000000000e+07 4.562131109790000000e+11 5.000000000000000000e+00
3.551061800000000000e+07 1.781853427000000000e+09 5.000000000000000000e+00
2.657844500000000000e+07 4.564175370500000000e+11 5.000000000000000000e+00
2.657844500000000000e+07 4.544450948900000000e+11 5.000000000000000000e+00
4.028088900000000000e+07 1.782259059000000000e+09 1.000000000000000000e+00
4.028088900000000000e+07 1.775777496000000000e+09 5.000000000000000000e+00
2.464704200000000000e+07 4.555338348310000000e+11 2.000000000000000000e+00
2.464704200000000000e+07 4.560575480600000000e+11 5.000000000000000000e+00
3.554562400000000000e+07 4.553782972960000000e+11 5.000000000000000000e+00
3.554562400000000000e+07 4.555883929250000000e+11 5.000000000000000000e+00
2.370997700000000000e+07 4.545473118780000000e+11 1.000000000000000000e+00
2.370997700000000000e+07 4.563100433770000000e+11 5.000000000000000000e+00
2.560628000000000000e+07 4.561573326720000000e+11 5.000000000000000000e+00
2.560628000000000000e+07 4.547073432090000000e+11 5.000000000000000000e+00
2.560628000000000000e+07 4.547002508030000000e+11 1.000000000000000000e+00
2.560628000000000000e+07 4.548067088100000000e+11 4.000000000000000000e+00
3.932345200000000000e+07 4.545452717620000000e+11 1.000000000000000000e+00
3.646773700000000000e+07 4.546018755210000000e+11 5.000000000000000000e+00
3.646786000000000000e+07 4.555853703060000000e+11 5.000000000000000000e+00
3.646786000000000000e+07 4.556391140420000000e+11 3.000000000000000000e+00
3.646786000000000000e+07 4.553825311620000000e+11 5.000000000000000000e+00
3.646786000000000000e+07 4.562116737000000000e+11 4.000000000000000000e+00
3.934370700000000000e+07 4.549081192700000000e+11 5.000000000000000000e+00
3.934192700000000000e+07 4.549073238840000000e+11 4.000000000000000000e+00
2.467681600000000000e+07 1.783093437000000000e+09 5.000000000000000000e+00
2.467681600000000000e+07 4.558985220780000000e+11 4.000000000000000000e+00
4.211816900000000000e+07 4.566260631130000000e+11 3.000000000000000000e+00
3.366018600000000000e+07 1.780252300000000000e+09 4.000000000000000000e+00
3.929406000000000000e+07 4.563149366040000000e+11 1.000000000000000000e+00
3.929406000000000000e+07 4.557411503780000000e+11 5.000000000000000000e+00
3.929406000000000000e+07 1.780240388000000000e+09 5.000000000000000000e+00
3.746226200000000000e+07 4.565702786380000000e+11 4.000000000000000000e+00
3.746226200000000000e+07 4.565761471210000000e+11 5.000000000000000000e+00
3.367504500000000000e+07 1.781265659000000000e+09 1.000000000000000000e+00
3.367504500000000000e+07 4.555880014820000000e+11 5.000000000000000000e+00
3.459925500000000000e+07 4.554823294380000000e+11 5.000000000000000000e+00
3.459925500000000000e+07 4.561086375640000000e+11 2.000000000000000000e+00
2.658769000000000000e+07 4.554823294380000000e+11 5.000000000000000000e+00
2.658769000000000000e+07 4.544957835180000000e+11 5.000000000000000000e+00
2.658769000000000000e+07 1.778834892000000000e+09 5.000000000000000000e+00
2.658769000000000000e+07 1.783502254000000000e+09 5.000000000000000000e+00
4.120681400000000000e+07 4.559019732170000000e+11 1.000000000000000000e+00
2.370453600000000000e+07 4.560567113360000000e+11 4.000000000000000000e+00
3.936021600000000000e+07 4.547006517010000000e+11 1.000000000000000000e+00
3.936021600000000000e+07 4.563128805280000000e+11 1.000000000000000000e+00
3.936021600000000000e+07 1.783470563000000000e+09 5.000000000000000000e+00
2.660811900000000000e+07 4.563098619810000000e+11 5.000000000000000000e+00
2.660811900000000000e+07 4.557930598560000000e+11 4.000000000000000000e+00
2.565428500000000000e+07 1.780453499000000000e+09 5.000000000000000000e+00
2.565428500000000000e+07 4.562088318570000000e+11 1.000000000000000000e+00
3.179890200000000000e+07 4.549138205620000000e+11 5.000000000000000000e+00
3.179890200000000000e+07 4.563104728680000000e+11 1.000000000000000000e+00
3.179890200000000000e+07 4.563092606520000000e+11 5.000000000000000000e+00
4.030486900000000000e+07 4.561060142270000000e+11 2.000000000000000000e+00
4.030486900000000000e+07 1.776170493000000000e+09 1.000000000000000000e+00
4.030486900000000000e+07 4.555888230780000000e+11 1.000000000000000000e+00
4.030486900000000000e+07 4.563617833970000000e+11 5.000000000000000000e+00
4.030486900000000000e+07 4.562583493620000000e+11 5.000000000000000000e+00
4.030486900000000000e+07 4.548113872880000000e+11 5.000000000000000000e+00
4.030486900000000000e+07 4.556379057230000000e+11 3.000000000000000000e+00
4.030486900000000000e+07 4.561021574830000000e+11 3.000000000000000000e+00
4.030486900000000000e+07 4.563619656670000000e+11 5.000000000000000000e+00
4.030486900000000000e+07 4.544477364100000000e+11 5.000000000000000000e+00
3.462673800000000000e+07 4.546540013230000000e+11 5.000000000000000000e+00
3.462673800000000000e+07 4.562569042430000000e+11 5.000000000000000000e+00
3.462673800000000000e+07 4.548079432460000000e+11 5.000000000000000000e+00
3.462673800000000000e+07 4.563690865740000000e+11 5.000000000000000000e+00
2.559363400000000000e+07 4.563167374690000000e+11 3.000000000000000000e+00
2.559363400000000000e+07 4.553803231750000000e+11 1.000000000000000000e+00
2.559363400000000000e+07 1.779849022000000000e+09 1.000000000000000000e+00
2.559363400000000000e+07 4.556869844320000000e+11 1.000000000000000000e+00
2.559363400000000000e+07 4.561025527420000000e+11 5.000000000000000000e+00
2.559363400000000000e+07 4.544398199100000000e+11 5.000000000000000000e+00
2.559363400000000000e+07 1.775767911000000000e+09 2.000000000000000000e+00
2.559363400000000000e+07 4.562056174740000000e+11 5.000000000000000000e+00
2.559363400000000000e+07 4.563668476480000000e+11 5.000000000000000000e+00
2.559363400000000000e+07 4.545519768510000000e+11 5.000000000000000000e+00
2.472284700000000000e+07 1.780226077000000000e+09 5.000000000000000000e+00
2.472284700000000000e+07 4.545440793850000000e+11 5.000000000000000000e+00
2.472284700000000000e+07 4.555829467100000000e+11 5.000000000000000000e+00
2.472284700000000000e+07 4.554837349490000000e+11 5.000000000000000000e+00
2.472284700000000000e+07 1.783064934000000000e+09 5.000000000000000000e+00
2.472284700000000000e+07 1.776394681000000000e+09 5.000000000000000000e+00
2.472284700000000000e+07 4.558474103880000000e+11 5.000000000000000000e+00
2.472284700000000000e+07 4.557384867580000000e+11 5.000000000000000000e+00
2.472284700000000000e+07 4.545968128730000000e+11 4.000000000000000000e+00
2.472284700000000000e+07 1.779622421000000000e+09 5.000000000000000000e+00
3.931616700000000000e+07 4.549103733480000000e+11 5.000000000000000000e+00
3.931616700000000000e+07 4.563169663430000000e+11 2.000000000000000000e+00
3.931616700000000000e+07 4.545481326480000000e+11 5.000000000000000000e+00
3.931616700000000000e+07 1.778838108000000000e+09 5.000000000000000000e+00
3.931616700000000000e+07 4.548047091520000000e+11 4.000000000000000000e+00
3.931616700000000000e+07 1.780430498000000000e+09 5.000000000000000000e+00
3.931616700000000000e+07 4.544998534500000000e+11 5.000000000000000000e+00
3.931616700000000000e+07 1.775172097000000000e+09 5.000000000000000000e+00
3.931616700000000000e+07 4.554318111540000000e+11 1.000000000000000000e+00
3.931616700000000000e+07 1.778608312000000000e+09 5.000000000000000000e+00
3.745475300000000000e+07 4.546034956940000000e+11 5.000000000000000000e+00
2.377834400000000000e+07 1.781241869000000000e+09 3.000000000000000000e+00
3.835506200000000000e+07 4.565205836120000000e+11 2.000000000000000000e+00
3.551975400000000000e+07 4.554833451120000000e+11 5.000000000000000000e+00
4.122709800000000000e+07 4.557912178040000000e+11 5.000000000000000000e+00
4.217529000000000000e+07 4.558946779030000000e+11 4.000000000000000000e+00
3.177871900000000000e+07 4.546477209530000000e+11 5.000000000000000000e+00
3.368617700000000000e+07 4.565722973530000000e+11 1.000000000000000000e+00
3.649012600000000000e+07 1.779641435000000000e+09 5.000000000000000000e+00
2.562845200000000000e+07 4.559488231820000000e+11 5.000000000000000000e+00
3.935302400000000000e+07 4.566289027280000000e+11 5.000000000000000000e+00
3.273241500000000000e+07 4.546552135200000000e+11 5.000000000000000000e+00
3.834196200000000000e+07 4.546543910640000000e+11 2.000000000000000000e+00
2.375990400000000000e+07 1.783673279000000000e+09 5.000000000000000000e+00
3.365094800000000000e+07 1.783704178000000000e+09 5.000000000000000000e+00
3.837722700000000000e+07 4.565720913820000000e+11 5.000000000000000000e+00
3.180086200000000000e+07 4.558948640950000000e+11 1.000000000000000000e+00
3.269003800000000000e+07 4.548552115690000000e+11 5.000000000000000000e+00
3.081945200000000000e+07 4.555884064180000000e+11 4.000000000000000000e+00
3.834029000000000000e+07 4.563658406460000000e+11 4.000000000000000000e+00
3.457534600000000000e+07 4.546542065150000000e+11 5.000000000000000000e+00
3.459908900000000000e+07 4.555859772980000000e+11 4.000000000000000000e+00
3.835313900000000000e+07 4.556352667020000000e+11 5.000000000000000000e+00
2.658052700000000000e+07 4.557419529680000000e+11 5.000000000000000000e+00
4.217887900000000000e+07 4.565201787280000000e+11 5.000000000000000000e+00
2.566362300000000000e+07 4.565181663270000000e+11 5.000000000000000000e+00
3.743643600000000000e+07 4.562607761740000000e+11 3.000000000000000000e+00
3.268816500000000000e+07 1.779440202000000000e+09 1.000000000000000000e+00
3.268816500000000000e+07 4.557386974860000000e+11 5.000000000000000000e+00
2.283025300000000000e+07 4.544961962410000000e+11 3.000000000000000000e+00
3.085454400000000000e+07 1.782484154000000000e+09 4.000000000000000000e+00
4.119031900000000000e+07 6.941387000000000000e+06 5.000000000000000000e+00
3.554186900000000000e+07 4.561066060950000000e+11 5.000000000000000000e+00
2.469150100000000000e+07 4.562125048520000000e+11 5.000000000000000000e+00
3.551056000000000000e+07 4.544398000760000000e+11 4.000000000000000000e+00
2.278957700000000000e+07 4.554845723470000000e+11 5.000000000000000000e+00
2.464903800000000000e+07 4.565181663270000000e+11 5.000000000000000000e+00
3.933091700000000000e+07 1.782473845000000000e+09 1.000000000000000000e+00
3.933091700000000000e+07 1.783274043000000000e+09 5.000000000000000000e+00
3.079365500000000000e+07 4.556859719450000000e+11 5.000000000000000000e+00
2.377642100000000000e+07 4.553289966960000000e+11 5.000000000000000000e+00
2.563212600000000000e+07 1.781050038000000000e+09 4.000000000000000000e+00
3.177876900000000000e+07 1.780443268000000000e+09 1.000000000000000000e+00
3.463417400000000000e+07 1.782862849000000000e+09 5.000000000000000000e+00
2.466205200000000000e+07 4.564656245700000000e+11 5.000000000000000000e+00
3.086197300000000000e+07 4.545495516520000000e+11 5.000000000000000000e+00
3.368981600000000000e+07 4.546542129210000000e+11 5.000000000000000000e+00
3.459736700000000000e+07 4.563660244920000000e+11 3.000000000000000000e+00
3.743253000000000000e+07 1.782064957000000000e+09 2.000000000000000000e+00
3.840110000000000000e+07 4.559457896130000000e+11 5.000000000000000000e+00
3.742719100000000000e+07 4.565726973960000000e+11 1.000000000000000000e+00
3.742719100000000000e+07 4.558480236320000000e+11 3.000000000000000000e+00
4.122700400000000000e+07 4.559003578070000000e+11 5.000000000000000000e+00
4.122700400000000000e+07 1.779440137000000000e+09 5.000000000000000000e+00
4.122700400000000000e+07 4.559502484750000000e+11 5.000000000000000000e+00
4.122700400000000000e+07 1.775795703000000000e+09 3.000000000000000000e+00
4.122700400000000000e+07 4.565183398330000000e+11 5.000000000000000000e+00
4.122700400000000000e+07 4.547521602470000000e+11 5.000000000000000000e+00
4.122700400000000000e+07 4.559496448330000000e+11 5.000000000000000000e+00
4.122700400000000000e+07 1.780636575000000000e+09 4.000000000000000000e+00
4.122700400000000000e+07 4.547590602710000000e+11 5.000000000000000000e+00
4.122700400000000000e+07 4.557393067660000000e+11 5.000000000000000000e+00
4.123078800000000000e+07 4.566288988060000000e+11 1.000000000000000000e+00
3.083426700000000000e+07 4.555833516870000000e+11 1.000000000000000000e+00
3.083426700000000000e+07 1.782461973000000000e+09 5.000000000000000000e+00
3.083426700000000000e+07 1.779242862000000000e+09 3.000000000000000000e+00
3.083426700000000000e+07 1.781062027000000000e+09 1.000000000000000000e+00
3.083426700000000000e+07 4.555904211200000000e+11 1.000000000000000000e+00
3.083426700000000000e+07 4.549115958390000000e+11 5.000000000000000000e+00
3.083426700000000000e+07 1.776581634000000000e+09 5.000000000000000000e+00
3.083426700000000000e+07 1.775967573000000000e+09 2.000000000000000000e+00
3.083426700000000000e+07 4.555369065590000000e+11 3.000000000000000000e+00
3.083426700000000000e+07 4.559488113590000000e+11 1.000000000000000000e+00
2.658784200000000000e+07 1.775180890000000000e+09 2.000000000000000000e+00
2.658784200000000000e+07 4.565737377370000000e+11 1.000000000000000000e+00
2.658784200000000000e+07 1.783673368000000000e+09 1.000000000000000000e+00
3.273597500000000000e+07 4.559015763580000000e+11 5.000000000000000000e+00
3.550676300000000000e+07 4.549105745320000000e+11 2.000000000000000000e+00
3.550676300000000000e+07 4.556344601590000000e+11 5.000000000000000000e+00
3.550676300000000000e+07 4.564173325600000000e+11 4.000000000000000000e+00
3.550676300000000000e+07 4.545998480750000000e+11 5.000000000000000000e+00
3.550676300000000000e+07 4.554332349000000000e+11 3.000000000000000000e+00
3.550676300000000000e+07 1.780444830000000000e+09 5.000000000000000000e+00
3.550676300000000000e+07 1.776403402000000000e+09 5.000000000000000000e+00
3.550676300000000000e+07 4.557973025330000000e+11 5.000000000000000000e+00
3.550676300000000000e+07 4.558942754550000000e+11 5.000000000000000000e+00
3.550676300000000000e+07 4.547006342430000000e+11 5.000000000000000000e+00
3.079183300000000000e+07 1.778618581000000000e+09 5.000000000000000000e+00
3.079183300000000000e+07 4.560492321760000000e+11 4.000000000000000000e+00
3.079183300000000000e+07 4.546509558330000000e+11 1.000000000000000000e+00
3.079183300000000000e+07 4.564126969890000000e+11 5.000000000000000000e+00
3.079183300000000000e+07 4.562579461650000000e+11 1.000000000000000000e+00
3.079183300000000000e+07 4.566238099910000000e+11 1.000000000000000000e+00
3.079183300000000000e+07 4.565230174760000000e+11 1.000000000000000000e+00
3.079183300000000000e+07 1.783064825000000000e+09 5.000000000000000000e+00
3.079183300000000000e+07 1.775587317000000000e+09 5.000000000000000000e+00
3.079183300000000000e+07 4.560530628550000000e+11 5.000000000000000000e+00
2.658039800000000000e+07 4.558451809040000000e+11 5.000000000000000000e+00
2.658039800000000000e+07 4.562057887150000000e+11 4.000000000000000000e+00
2.658039800000000000e+07 4.564696921720000000e+11 5.000000000000000000e+00
3.747137700000000000e+07 1.783704252000000000e+09 5.000000000000000000e+00
3.557126900000000000e+07 4.559533011950000000e+11 5.000000000000000000e+00
2.375814700000000000e+07 4.560015479360000000e+11 5.000000000000000000e+00
2.470814700000000000e+07 4.557910181120000000e+11 3.000000000000000000e+00
3.652874900000000000e+07 4.566244231550000000e+11 5.000000000000000000e+00
4.217173000000000000e+07 4.565724985430000000e+11 3.000000000000000000e+00
4.217173000000000000e+07 4.548551972960000000e+11 3.000000000000000000e+00
4.217173000000000000e+07 4.547069351970000000e+11 5.000000000000000000e+00
3.840667800000000000e+07 4.561538926870000000e+11 5.000000000000000000e+00
3.362535400000000000e+07 4.558993397040000000e+11 5.000000000000000000e+00
3.362535400000000000e+07 4.561064088570000000e+11 5.000000000000000000e+00
3.554735300000000000e+07 1.778837217000000000e+09 4.000000000000000000e+00
2.563408600000000000e+07 4.548038850930000000e+11 3.000000000000000000e+00
2.660626600000000000e+07 4.548087347510000000e+11 5.000000000000000000e+00
2.660626600000000000e+07 4.553227171220000000e+11 2.000000000000000000e+00
2.660626600000000000e+07 1.778832491000000000e+09 5.000000000000000000e+00
2.660626600000000000e+07 4.565743486200000000e+11 5.000000000000000000e+00
2.660626600000000000e+07 4.546511689130000000e+11 5.000000000000000000e+00
2.660626600000000000e+07 4.553789057340000000e+11 5.000000000000000000e+00
2.660626600000000000e+07 4.549152435720000000e+11 5.000000000000000000e+00
2.658975100000000000e+07 1.775173688000000000e+09 5.000000000000000000e+00
2.566371000000000000e+07 4.562098728430000000e+11 5.000000000000000000e+00
3.550692200000000000e+07 1.779836272000000000e+09 5.000000000000000000e+00
3.550692200000000000e+07 4.556419669870000000e+11 5.000000000000000000e+00
2.282822900000000000e+07 4.545953812410000000e+11 3.000000000000000000e+00
2.282822900000000000e+07 1.776391421000000000e+09 5.000000000000000000e+00
2.282822900000000000e+07 4.558449962590000000e+11 5.000000000000000000e+00
3.460117200000000000e+07 4.557425511290000000e+11 5.000000000000000000e+00
3.555846400000000000e+07 4.558488349190000000e+11 5.000000000000000000e+00
3.176406900000000000e+07 4.547071499920000000e+11 2.000000000000000000e+00
4.124565300000000000e+07 4.563662344440000000e+11 5.000000000000000000e+00
4.124565300000000000e+07 4.557439741040000000e+11 4.000000000000000000e+00
3.551794700000000000e+07 4.559472133400000000e+11 5.000000000000000000e+00
2.469328800000000000e+07 1.781649875000000000e+09 5.000000000000000000e+00
2.377477800000000000e+07 1.776798654000000000e+09 5.000000000000000000e+00
3.840120900000000000e+07 4.563136950520000000e+11 5.000000000000000000e+00
3.083428100000000000e+07 4.545470939420000000e+11 5.000000000000000000e+00
3.083428100000000000e+07 1.783495114000000000e+09 5.000000000000000000e+00
3.651386900000000000e+07 4.565219962040000000e+11 5.000000000000000000e+00
3.651386900000000000e+07 1.775362325000000000e+09 5.000000000000000000e+00
4.219004700000000000e+07 4.557462099310000000e+11 5.000000000000000000e+00
4.219004700000000000e+07 4.544453024560000000e+11 2.000000000000000000e+00
4.219004700000000000e+07 4.547578544280000000e+11 5.000000000000000000e+00
4.219004700000000000e+07 1.780847272000000000e+09 5.000000000000000000e+00
3.267507300000000000e+07 4.562054036450000000e+11 1.000000000000000000e+00
3.267507300000000000e+07 4.562577156230000000e+11 2.000000000000000000e+00
3.267507300000000000e+07 4.564729238490000000e+11 5.000000000000000000e+00
3.267507300000000000e+07 1.775984214000000000e+09 5.000000000000000000e+00
3.267507300000000000e+07 4.562654427530000000e+11 5.000000000000000000e+00
3.267507300000000000e+07 1.782057049000000000e+09 5.000000000000000000e+00
3.267507300000000000e+07 4.546006625690000000e+11 5.000000000000000000e+00
3.267507300000000000e+07 1.776591129000000000e+09 1.000000000000000000e+00
3.267507300000000000e+07 4.547057198960000000e+11 5.000000000000000000e+00
3.267507300000000000e+07 4.555855683820000000e+11 1.000000000000000000e+00
3.273231500000000000e+07 4.563607501870000000e+11 5.000000000000000000e+00
3.834946400000000000e+07 4.548602821380000000e+11 5.000000000000000000e+00
3.272513100000000000e+07 4.560553169760000000e+11 4.000000000000000000e+00
3.557495100000000000e+07 1.779033761000000000e+09 5.000000000000000000e+00
2.281742800000000000e+07 1.782486494000000000e+09 5.000000000000000000e+00
2.281742800000000000e+07 1.779225413000000000e+09 3.000000000000000000e+00
3.272508700000000000e+07 4.544984154350000000e+11 5.000000000000000000e+00
3.272508700000000000e+07 4.561567361340000000e+11 5.000000000000000000e+00
3.272508700000000000e+07 4.548087379330000000e+11 5.000000000000000000e+00
2.464546400000000000e+07 4.558940464390000000e+11 4.000000000000000000e+00
2.464546400000000000e+07 4.554275756290000000e+11 1.000000000000000000e+00
3.078455500000000000e+07 6.935869000000000000e+06 5.000000000000000000e+00
4.217330000000000000e+07 4.557462090990000000e+11 5.000000000000000000e+00
4.217330000000000000e+07 1.783487192000000000e+09 5.000000000000000000e+00
4.217330000000000000e+07 4.546519770430000000e+11 5.000000000000000000e+00
2.374133600000000000e+07 4.566278823120000000e+11 5.000000000000000000e+00
4.026066800000000000e+07 4.557455942140000000e+11 5.000000000000000000e+00
4.026066800000000000e+07 4.553233160430000000e+11 5.000000000000000000e+00
4.026066800000000000e+07 4.558431605920000000e+11 5.000000000000000000e+00
3.746959800000000000e+07 6.951640000000000000e+06 4.000000000000000000e+00
3.651766600000000000e+07 4.546036937480000000e+11 5.000000000000000000e+00
4.023291200000000000e+07 4.553825534080000000e+11 5.000000000000000000e+00
4.217539700000000000e+07 4.560567352040000000e+11 4.000000000000000000e+00
3.744359100000000000e+07 4.560575401190000000e+11 5.000000000000000000e+00
2.466017800000000000e+07 4.561096499950000000e+11 3.000000000000000000e+00
2.466017800000000000e+07 1.775362319000000000e+09 4.000000000000000000e+00
2.377095900000000000e+07 4.559502580960000000e+11 5.000000000000000000e+00
3.368784900000000000e+07 4.561056085690000000e+11 5.000000000000000000e+00
3.368784900000000000e+07 4.556910456830000000e+11 5.000000000000000000e+00
3.838832400000000000e+07 4.556391243140000000e+11 5.000000000000000000e+00
3.838832400000000000e+07 1.783702671000000000e+09 5.000000000000000000e+00
4.029930000000000000e+07 4.560498161710000000e+11 5.000000000000000000e+00
3.556399100000000000e+07 4.554267452280000000e+11 5.000000000000000000e+00
3.556399100000000000e+07 4.556382869010000000e+11 5.000000000000000000e+00
3.556399100000000000e+07 1.779643744000000000e+09 5.000000000000000000e+00
3.556399100000000000e+07 1.775785428000000000e+09 3.000000000000000000e+00
3.747328000000000000e+07 4.554845477580000000e+11 3.000000000000000000e+00
3.747328000000000000e+07 1.781259256000000000e+09 5.000000000000000000e+00
3.747328000000000000e+07 4.558952887370000000e+11 5.000000000000000000e+00
3.550666200000000000e+07 4.548069394320000000e+11 4.000000000000000000e+00
3.550666200000000000e+07 4.554784773340000000e+11 1.000000000000000000e+00
4.122724900000000000e+07 4.548077380730000000e+11 5.000000000000000000e+00
4.122724900000000000e+07 4.557895983740000000e+11 5.000000000000000000e+00
4.219009000000000000e+07 4.556920661940000000e+11 5.000000000000000000e+00
4.219009000000000000e+07 4.547564084150000000e+11 5.000000000000000000e+00
4.219009000000000000e+07 4.544398135780000000e+11 5.000000000000000000e+00
4.219009000000000000e+07 4.554308247350000000e+11 5.000000000000000000e+00
4.219009000000000000e+07 4.556894112220000000e+11 5.000000000000000000e+00
4.219009000000000000e+07 1.783680481000000000e+09 5.000000000000000000e+00
4.219009000000000000e+07 4.562587250030000000e+11 5.000000000000000000e+00
4.219009000000000000e+07 4.559472165340000000e+11 5.000000000000000000e+00
4.219009000000000000e+07 4.561096793000000000e+11 1.000000000000000000e+00
3.365302300000000000e+07 4.555338617990000000e+11 5.000000000000000000e+00
3.365302300000000000e+07 1.781241782000000000e+09 5.000000000000000000e+00
3.365302300000000000e+07 4.566207937160000000e+11 5.000000000000000000e+00
2.373420200000000000e+07 4.555825308240000000e+11 5.000000000000000000e+00
2.373420200000000000e+07 4.554823365100000000e+11 5.000000000000000000e+00
2.373420200000000000e+07 4.561567107800000000e+11 5.000000000000000000e+00
4.024389400000000000e+07 4.563153318690000000e+11 1.000000000000000000e+00
4.024389400000000000e+07 4.554332625520000000e+11 5.000000000000000000e+00
4.024389400000000000e+07 4.545505594810000000e+11 5.000000000000000000e+00
3.176955300000000000e+07 4.546556278190000000e+11 5.000000000000000000e+00
3.176955300000000000e+07 4.558940646800000000e+11 5.000000000000000000e+00
3.176955300000000000e+07 1.776385185000000000e+09 5.000000000000000000e+00
3.176955300000000000e+07 4.554271454480000000e+11 5.000000000000000000e+00
3.176955300000000000e+07 4.546485306560000000e+11 5.000000000000000000e+00
3.176955300000000000e+07 4.558449963300000000e+11 5.000000000000000000e+00
3.176955300000000000e+07 4.562652311320000000e+11 5.000000000000000000e+00
3.176955300000000000e+07 1.783273242000000000e+09 5.000000000000000000e+00
3.176955300000000000e+07 4.547057056500000000e+11 4.000000000000000000e+00
3.176955300000000000e+07 4.556922403780000000e+11 3.000000000000000000e+00
2.373225600000000000e+07 4.562112673490000000e+11 1.000000000000000000e+00
2.373225600000000000e+07 4.547580334620000000e+11 3.000000000000000000e+00
2.373225600000000000e+07 4.564664318560000000e+11 1.000000000000000000e+00
2.373225600000000000e+07 1.781265653000000000e+09 3.000000000000000000e+00
3.273052800000000000e+07 4.561587556780000000e+11 5.000000000000000000e+00
3.651956100000000000e+07 4.565165429600000000e+11 4.000000000000000000e+00
2.658784800000000000e+07 1.780029681000000000e+09 5.000000000000000000e+00
2.658784800000000000e+07 4.548564206250000000e+11 1.000000000000000000e+00
2.658784800000000000e+07 4.545507575660000000e+11 3.000000000000000000e+00
